snapped_at,,bitcoin,ethereum,binancecoin,solana,cardano,xrp,polkadot,dogecoin,avalanche,litecoin
2020-09-23 00:00:00+00:00,bitcoin,,,,,,,,,,
2020-09-23 00:00:00+00:00,ethereum,,,,,,,,,,
2020-09-23 00:00:00+00:00,binancecoin,,,,,,,,,,
2020-09-23 00:00:00+00:00,solana,,,,,,,,,,
2020-09-23 00:00:00+00:00,cardano,,,,,,,,,,
2020-09-23 00:00:00+00:00,xrp,,,,,,,,,,
2020-09-23 00:00:00+00:00,polkadot,,,,,,,,,,
2020-09-23 00:00:00+00:00,dogecoin,,,,,,,,,,
2020-09-23 00:00:00+00:00,avalanche,,,,,,,,,,
2020-09-23 00:00:00+00:00,litecoin,,,,,,,,,,
2020-09-24 00:00:00+00:00,bitcoin,1.0,1.0000000000000002,1.0,0.9999999999999999,1.0,1.0,1.0,1.0000000000000002,1.0,1.0
2020-09-24 00:00:00+00:00,ethereum,1.0000000000000002,1.0,1.0,1.0000000000000002,1.0,1.0,1.0,1.0000000000000002,1.0,1.0
2020-09-24 00:00:00+00:00,binancecoin,1.0,1.0,1.0,0.9999999999999999,0.9999999999999998,1.0,1.0000000000000002,1.0000000000000002,0.9999999999999999,1.0
2020-09-24 00:00:00+00:00,solana,0.9999999999999999,1.0000000000000002,0.9999999999999999,1.0,0.9999999999999999,0.9999999999999999,1.0,1.0,0.9999999999999998,0.9999999999999999
2020-09-24 00:00:00+00:00,cardano,1.0,1.0,0.9999999999999998,0.9999999999999999,1.0,0.9999999999999998,0.9999999999999998,1.0,0.9999999999999999,0.9999999999999998
2020-09-24 00:00:00+00:00,xrp,1.0,1.0,1.0,0.9999999999999999,0.9999999999999998,1.0,1.0,1.0,1.0,1.0
2020-09-24 00:00:00+00:00,polkadot,1.0,1.0,1.0000000000000002,1.0,0.9999999999999998,1.0,1.0,1.0000000000000002,1.0,1.0
2020-09-24 00:00:00+00:00,dogecoin,1.0000000000000002,1.0000000000000002,1.0000000000000002,1.0,1.0,1.0,1.0000000000000002,1.0,1.0000000000000002,1.0000000000000002
2020-09-24 00:00:00+00:00,avalanche,1.0,1.0,0.9999999999999999,0.9999999999999998,0.9999999999999999,1.0,1.0,1.0000000000000002,1.0,1.0000000000000002
2020-09-24 00:00:00+00:00,litecoin,1.0,1.0,1.0,0.9999999999999999,0.9999999999999998,1.0,1.0,1.0000000000000002,1.0000000000000002,1.0
2020-09-25 00:00:00+00:00,bitcoin,1.0,0.9999659299812272,0.9944833535151332,0.9729271628296052,0.9983375588063192,0.9961405834866239,0.9985479314698835,0.9820804191669874,0.9987209579471925,0.9401842615384601
2020-09-25 00:00:00+00:00,ethereum,0.9999659299812272,1.0,0.9953153366189639,0.9748017583063515,0.998779324193977,0.9968311707875924,0.9980692301766543,0.983602646029116,0.9991042964607704,0.9429643032045077
2020-09-25 00:00:00+00:00,binancecoin,0.9944833535151332,0.9953153366189639,1.0,0.9918022444014621,0.9988759750278159,0.9998520378699952,0.9873885776399113,0.9964312937770856,0.9985149738147157,0.970731628210615
2020-09-25 00:00:00+00:00,solana,0.9729271628296052,0.9748017583063515,0.9918022444014621,1.0,0.9846305186747628,0.9894574085631386,0.9590642940798106,0.999048613737125,0.9833680760570551,0.9934628697284186
2020-09-25 00:00:00+00:00,cardano,0.9983375588063192,0.998779324193977,0.9988759750278159,0.9846305186747628,1.0,0.9995435499533644,0.9937829270776823,0.9913103267712773,0.9999748881283175,0.9582565267349407
2020-09-25 00:00:00+00:00,xrp,0.9961405834866239,0.9968311707875924,0.9998520378699952,0.9894574085631386,0.9995435499533644,1.0,0.9899657950906409,0.9948318924888935,0.9993043509206828,0.9664566918242222
2020-09-25 00:00:00+00:00,polkadot,0.9985479314698835,0.9980692301766543,0.9873885776399113,0.9590642940798106,0.9937829270776823,0.9899657950906409,1.0,0.9705018149533711,0.994546983549584,0.9204671905556839
2020-09-25 00:00:00+00:00,dogecoin,0.9820804191669874,0.983602646029116,0.9964312937770856,0.999048613737125,0.9913103267712773,0.9948318924888935,0.9705018149533711,1.0,0.9903532032554019,0.9875393260342887
2020-09-25 00:00:00+00:00,avalanche,0.9987209579471925,0.9991042964607704,0.9985149738147157,0.9833680760570551,0.9999748881283175,0.9993043509206828,0.994546983549584,0.9903532032554019,1.0,0.9562062697250937
2020-09-25 00:00:00+00:00,litecoin,0.9401842615384601,0.9429643032045077,0.970731628210615,0.9934628697284186,0.9582565267349407,0.9664566918242222,0.9204671905556839,0.9875393260342887,0.9562062697250937,1.0
2020-09-26 00:00:00+00:00,bitcoin,1.0,0.9802829712476178,0.9884628931511238,0.9740056244366132,0.36976699029193677,0.8280655297321846,0.9982720545570836,0.8272363404055403,0.9574000399121587,0.880238526445444
2020-09-26 00:00:00+00:00,ethereum,0.9802829712476178,1.0,0.9915271992088989,0.9588832194672618,0.5460661782494407,0.9219093380901018,0.983231270817778,0.9176391333637733,0.9950722569986811,0.9314785461916676
2020-09-26 00:00:00+00:00,binancecoin,0.9884628931511238,0.9915271992088989,1.0,0.9875862998420505,0.47093633878065533,0.8879966945181512,0.9840736879980541,0.8947662686955203,0.9828557412765808,0.9419183204520444
2020-09-26 00:00:00+00:00,solana,0.9740056244366132,0.9588832194672618,0.9875862998420505,1.0,0.37796193971582803,0.8313043159344717,0.9606580092698221,0.8518543587702154,0.9471174461076287,0.9375099099350099
2020-09-26 00:00:00+00:00,cardano,0.36976699029193677,0.5460661782494407,0.47093633878065533,0.37796193971582803,1.0,0.8238502734160741,0.39128661629560724,0.8066952090713817,0.6196712309050004,0.6460289192638423
2020-09-26 00:00:00+00:00,xrp,0.8280655297321846,0.9219093380901018,0.8879966945181512,0.8313043159344717,0.8238502734160741,1.0,0.836570475950725,0.9952115347228658,0.9546129578763601,0.9414429198522254
2020-09-26 00:00:00+00:00,polkadot,0.9982720545570836,0.983231270817778,0.9840736879980541,0.9606580092698221,0.39128661629560724,0.836570475950725,1.0,0.8301458732919329,0.9603935336709657,0.8694475915487272
2020-09-26 00:00:00+00:00,dogecoin,0.8272363404055403,0.9176391333637733,0.8947662686955203,0.8518543587702154,0.8066952090713817,0.9952115347228658,0.8301458732919329,1.0,0.9525218267246457,0.9657886534493548
2020-09-26 00:00:00+00:00,avalanche,0.9574000399121587,0.9950722569986811,0.9828557412765808,0.9471174461076287,0.6196712309050004,0.9546129578763601,0.9603935336709657,0.9525218267246457,1.0,0.9545541047200712
2020-09-26 00:00:00+00:00,litecoin,0.880238526445444,0.9314785461916676,0.9419183204520444,0.9375099099350099,0.6460289192638423,0.9414429198522254,0.8694475915487272,0.9657886534493548,0.9545541047200712,1.0
2020-09-27 00:00:00+00:00,bitcoin,1.0,0.9802842762420297,0.872589226594181,0.8786709338438775,0.35233051534372795,0.8232653863301372,0.9409295666716035,0.8222839489537317,0.954948339639094,0.8675915772715951
2020-09-27 00:00:00+00:00,ethereum,0.9802842762420297,1.0,0.8757014459884703,0.8647315967852681,0.5185430155065357,0.916342939414135,0.9265217136159247,0.9119245585373051,0.9924326036187374,0.9178516205760201
2020-09-27 00:00:00+00:00,binancecoin,0.872589226594181,0.8757014459884703,1.0,0.5836482453144125,0.24292037399586497,0.7273085435770457,0.6619284578604487,0.7322978629512297,0.8315533146781235,0.7392648081452815
2020-09-27 00:00:00+00:00,solana,0.8786709338438775,0.8647315967852681,0.5836482453144125,1.0,0.46528743452333826,0.7935390266939063,0.961230462209646,0.8124661946536853,0.8834304279593971,0.9071517986057657
2020-09-27 00:00:00+00:00,cardano,0.35233051534372795,0.5185430155065357,0.24292037399586497,0.46528743452333826,1.0,0.8116760093566762,0.45992246006399057,0.7960047169396159,0.610070735413573,0.6592582316582775
2020-09-27 00:00:00+00:00,xrp,0.8232653863301372,0.916342939414135,0.7273085435770457,0.7935390266939063,0.8116760093566762,1.0,0.8210905408334737,0.9952790260627902,0.9543706730336969,0.9409351878104847
2020-09-27 00:00:00+00:00,polkadot,0.9409295666716035,0.9265217136159247,0.6619284578604487,0.961230462209646,0.45992246006399057,0.8210905408334737,1.0,0.8155338330188272,0.9270802178636888,0.8650349286830858
2020-09-27 00:00:00+00:00,dogecoin,0.8222839489537317,0.9119245585373051,0.7322978629512297,0.8124661946536853,0.7960047169396159,0.9952790260627902,0.8155338330188272,1.0,0.9522431863190873,0.9648271649269887
2020-09-27 00:00:00+00:00,avalanche,0.954948339639094,0.9924326036187374,0.8315533146781235,0.8834304279593971,0.610070735413573,0.9543706730336969,0.9270802178636888,0.9522431863190873,1.0,0.9505428622050371
2020-09-27 00:00:00+00:00,litecoin,0.8675915772715951,0.9178516205760201,0.7392648081452815,0.9071517986057657,0.6592582316582775,0.9409351878104847,0.8650349286830858,0.9648271649269887,0.9505428622050371,1.0
2020-09-28 00:00:00+00:00,bitcoin,1.0,0.9785906389003344,0.8654301166354248,0.8782078549451703,0.3427871257813802,0.8241737423836661,0.9344451399152276,0.8232066813412438,0.9452564406284799,0.8566096474785972
2020-09-28 00:00:00+00:00,ethereum,0.9785906389003344,1.0,0.8579714176235673,0.8588466788644723,0.5148653541974568,0.914570938703927,0.9111138329832152,0.9088215798776178,0.9891012679380965,0.8930815746757265
2020-09-28 00:00:00+00:00,binancecoin,0.8654301166354248,0.8579714176235673,1.0,0.592981916655654,0.2150899876284141,0.7245075246201182,0.6756763501916545,0.7324478982930724,0.7954499481441959,0.7523393984495059
2020-09-28 00:00:00+00:00,solana,0.8782078549451703,0.8588466788644723,0.592981916655654,1.0,0.4462788749577122,0.7943066093119613,0.9601715917139343,0.8142587253830398,0.8646665485178491,0.9040371718172467
2020-09-28 00:00:00+00:00,cardano,0.3427871257813802,0.5148653541974568,0.2150899876284141,0.4462788749577122,1.0,0.7980622716345483,0.42982701575316434,0.779139291099759,0.6125716526749967,0.6123685625350315
2020-09-28 00:00:00+00:00,xrp,0.8241737423836661,0.914570938703927,0.7245075246201182,0.7943066093119613,0.7980622716345483,1.0,0.8177333806786384,0.9951062418023152,0.9440793076426353,0.9283541633958513
2020-09-28 00:00:00+00:00,polkadot,0.9344451399152276,0.9111138329832152,0.6756763501916545,0.9601715917139343,0.42982701575316434,0.8177333806786384,1.0,0.8148395213877572,0.8936146161375402,0.8702578048604916
2020-09-28 00:00:00+00:00,dogecoin,0.8232066813412438,0.9088215798776178,0.7324478982930724,0.8142587253830398,0.779139291099759,0.9951062418023152,0.8148395213877572,1.0,0.9388961400935172,0.9547757010420209
2020-09-28 00:00:00+00:00,avalanche,0.9452564406284799,0.9891012679380965,0.7954499481441959,0.8646665485178491,0.6125716526749967,0.9440793076426353,0.8936146161375402,0.9388961400935172,1.0,0.9026996914043974
2020-09-28 00:00:00+00:00,litecoin,0.8566096474785972,0.8930815746757265,0.7523393984495059,0.9040371718172467,0.6123685625350315,0.9283541633958513,0.8702578048604916,0.9547757010420209,0.9026996914043974,1.0
2020-09-29 00:00:00+00:00,bitcoin,1.0,0.975110210861339,0.8261710800162712,0.8229912256330835,0.38765109579173557,0.8238898437167429,0.8549283786176519,0.8297058727037633,0.9471957604421928,0.8575826236074706
2020-09-29 00:00:00+00:00,ethereum,0.975110210861339,1.0,0.8393117818744499,0.7649908867619434,0.5301471295269631,0.9159072425326175,0.8639610998223829,0.8863703639329665,0.9879442841293482,0.8679627981635414
2020-09-29 00:00:00+00:00,binancecoin,0.8261710800162712,0.8393117818744499,1.0,0.43794927428389413,0.18994315066650377,0.7109847283520156,0.674298474201751,0.654039502668696,0.7670519010854141,0.66578728698543
2020-09-29 00:00:00+00:00,solana,0.8229912256330835,0.7649908867619434,0.43794927428389413,1.0,0.5148430773745027,0.7024726324283319,0.6519064303839367,0.8310831227513987,0.7956669038989344,0.9021902675667594
2020-09-29 00:00:00+00:00,cardano,0.38765109579173557,0.5301471295269631,0.18994315066650377,0.5148430773745027,1.0,0.7941581101472369,0.35766507652861895,0.7996147915778381,0.6326230532927629,0.6529184027937718
2020-09-29 00:00:00+00:00,xrp,0.8238898437167429,0.9159072425326175,0.7109847283520156,0.7024726324283319,0.7941581101472369,1.0,0.7791737190893242,0.9592712031639264,0.9426475245887642,0.8934306358738291
2020-09-29 00:00:00+00:00,polkadot,0.8549283786176519,0.8639610998223829,0.674298474201751,0.6519064303839367,0.35766507652861895,0.7791737190893242,1.0,0.6773202988684714,0.8295011467501355,0.7184012091643923
2020-09-29 00:00:00+00:00,dogecoin,0.8297058727037633,0.8863703639329665,0.654039502668696,0.8310831227513987,0.7996147915778381,0.9592712031639264,0.6773202988684714,1.0,0.9262947891526684,0.9616147714438428
2020-09-29 00:00:00+00:00,avalanche,0.9471957604421928,0.9879442841293482,0.7670519010854141,0.7956669038989344,0.6326230532927629,0.9426475245887642,0.8295011467501355,0.9262947891526684,1.0,0.8904704221238665
2020-09-29 00:00:00+00:00,litecoin,0.8575826236074706,0.8679627981635414,0.66578728698543,0.9021902675667594,0.6529184027937718,0.8934306358738291,0.7184012091643923,0.9616147714438428,0.8904704221238665,1.0
2020-09-30 00:00:00+00:00,bitcoin,1.0,0.9661257217803885,0.8147488524387536,0.784199432865724,0.3510404037056593,0.8004194546263124,0.8443921312976403,0.8257824666286786,0.9256822978178054,0.8492569190816318
2020-09-30 00:00:00+00:00,ethereum,0.9661257217803885,1.0,0.778513026961997,0.7541773007096186,0.5162144480732299,0.9115426544678984,0.8640466895089391,0.8869932314347754,0.9851845635858149,0.8684160243225023
2020-09-30 00:00:00+00:00,binancecoin,0.8147488524387536,0.778513026961997,1.0,0.35031806655205283,0.11310624449756328,0.622357843665318,0.620093105169393,0.618002603839569,0.6821599561363962,0.6182999077374918
2020-09-30 00:00:00+00:00,solana,0.784199432865724,0.7541773007096186,0.35031806655205283,1.0,0.5194789300094456,0.7017854299598716,0.6452275721013373,0.8183550175576351,0.7930395673654099,0.8925934971838729
2020-09-30 00:00:00+00:00,cardano,0.3510404037056593,0.5162144480732299,0.11310624449756328,0.5194789300094456,1.0,0.7910200074298783,0.34941213413551997,0.7811684975762623,0.6283235138404248,0.6401211701433529
2020-09-30 00:00:00+00:00,xrp,0.8004194546263124,0.9115426544678984,0.622357843665318,0.7017854299598716,0.7910200074298783,1.0,0.7771454292186578,0.9537880850059546,0.9424378787279625,0.8903136081001729
2020-09-30 00:00:00+00:00,polkadot,0.8443921312976403,0.8640466895089391,0.620093105169393,0.6452275721013373,0.34941213413551997,0.7771454292186578,1.0,0.6779803205393108,0.8285791683887826,0.7190408152165438
2020-09-30 00:00:00+00:00,dogecoin,0.8257824666286786,0.8869932314347754,0.618002603839569,0.8183550175576351,0.7811684975762623,0.9537880850059546,0.6779803205393108,1.0,0.9229417681204501,0.9615036275109289
2020-09-30 00:00:00+00:00,avalanche,0.9256822978178054,0.9851845635858149,0.6821599561363962,0.7930395673654099,0.6283235138404248,0.9424378787279625,0.8285791683887826,0.9229417681204501,1.0,0.88883596699067
2020-09-30 00:00:00+00:00,litecoin,0.8492569190816318,0.8684160243225023,0.6182999077374918,0.8925934971838729,0.6401211701433529,0.8903136081001729,0.7190408152165438,0.9615036275109289,0.88883596699067,1.0
2020-10-01 00:00:00+00:00,bitcoin,1.0,0.9590187683439334,0.8153058943309683,0.7907811947265643,0.37310630647381493,0.8057693066214866,0.8341196942462921,0.8314562092975935,0.8757152454266663,0.8107337647744212
2020-10-01 00:00:00+00:00,ethereum,0.9590187683439334,1.0,0.77946997312491,0.7530311198000504,0.5185690311263539,0.9088141923269,0.8136679321762963,0.8680139634815242,0.9656436552629059,0.8556251944414528
2020-10-01 00:00:00+00:00,binancecoin,0.8153058943309683,0.77946997312491,1.0,0.3608146866265141,0.12926336889153459,0.6275901863247217,0.6051738618729937,0.6190687744691475,0.6587770165884755,0.6015615967392827
2020-10-01 00:00:00+00:00,solana,0.7907811947265643,0.7530311198000504,0.3608146866265141,1.0,0.5337536825356457,0.7094034726871127,0.6485555667874038,0.8211895504953047,0.7531091666643022,0.8592133286980517
2020-10-01 00:00:00+00:00,cardano,0.37310630647381493,0.5185690311263539,0.12926336889153459,0.5337536825356457,1.0,0.7965688318025711,0.38702813123688956,0.7879486006766883,0.5889450540473385,0.6087204448789939
2020-10-01 00:00:00+00:00,xrp,0.8057693066214866,0.9088141923269,0.6275901863247217,0.7094034726871127,0.7965688318025711,1.0,0.7638592624637639,0.9478541283425232,0.9024102665287309,0.8597871741894895
2020-10-01 00:00:00+00:00,polkadot,0.8341196942462921,0.8136679321762963,0.6051738618729937,0.6485555667874038,0.38702813123688956,0.7638592624637639,1.0,0.7085859561118573,0.6951767644129335,0.6119990437623163
2020-10-01 00:00:00+00:00,dogecoin,0.8314562092975935,0.8680139634815242,0.6190687744691475,0.8211895504953047,0.7879486006766883,0.9478541283425232,0.7085859561118573,1.0,0.8408991129184622,0.8902893464515304
2020-10-01 00:00:00+00:00,avalanche,0.8757152454266663,0.9656436552629059,0.6587770165884755,0.7531091666643022,0.5889450540473385,0.9024102665287309,0.6951767644129335,0.8408991129184622,1.0,0.8898226644352638
2020-10-01 00:00:00+00:00,litecoin,0.8107337647744212,0.8556251944414528,0.6015615967392827,0.8592133286980517,0.6087204448789939,0.8597871741894895,0.6119990437623163,0.8902893464515304,0.8898226644352638,1.0
2020-10-02 00:00:00+00:00,bitcoin,1.0,0.9602735534862528,0.7880456658840376,0.7833315311204959,0.42528619596492845,0.8152363678895388,0.8205552325359211,0.7986916530891683,0.8582523541256487,0.8050913446179715
2020-10-02 00:00:00+00:00,ethereum,0.9602735534862528,1.0,0.737044241066384,0.7523894996899382,0.5500534745300575,0.9130933815701172,0.8079813170081384,0.8456072486019444,0.9538894660799672,0.8536348613916951
2020-10-02 00:00:00+00:00,binancecoin,0.7880456658840376,0.737044241066384,1.0,0.3441482503831868,0.28021057253135595,0.6119643367829523,0.5230505278356288,0.48710571515985496,0.5593373157098125,0.5395474740689647
2020-10-02 00:00:00+00:00,solana,0.7833315311204959,0.7523894996899382,0.3441482503831868,1.0,0.5372803256293253,0.7112174033951472,0.651333922739144,0.8173318361205262,0.7545857925308942,0.8607747991331577
2020-10-02 00:00:00+00:00,cardano,0.42528619596492845,0.5500534745300575,0.28021057253135595,0.5372803256293253,1.0,0.8063163328152831,0.39263462965547813,0.7539735616755653,0.5825214024805458,0.611727258914152
2020-10-02 00:00:00+00:00,xrp,0.8152363678895388,0.9130933815701172,0.6119643367829523,0.7112174033951472,0.8063163328152831,1.0,0.7613288229085725,0.9271614226531967,0.8949188457847874,0.859088335474422
2020-10-02 00:00:00+00:00,polkadot,0.8205552325359211,0.8079813170081384,0.5230505278356288,0.651333922739144,0.39263462965547813,0.7613288229085725,1.0,0.7065252829983926,0.6969363994041364,0.6152952421049946
2020-10-02 00:00:00+00:00,dogecoin,0.7986916530891683,0.8456072486019444,0.48710571515985496,0.8173318361205262,0.7539735616755653,0.9271614226531967,0.7065252829983926,1.0,0.8389782249239058,0.8847930637921007
2020-10-02 00:00:00+00:00,avalanche,0.8582523541256487,0.9538894660799672,0.5593373157098125,0.7545857925308942,0.5825214024805458,0.8949188457847874,0.6969363994041364,0.8389782249239058,1.0,0.8899027400604171
2020-10-02 00:00:00+00:00,litecoin,0.8050913446179715,0.8536348613916951,0.5395474740689647,0.8607747991331577,0.611727258914152,0.859088335474422,0.6152952421049946,0.8847930637921007,0.8899027400604171,1.0
2020-10-03 00:00:00+00:00,bitcoin,1.0,0.9550149654490222,0.791037682217101,0.7216245388426685,0.4355010018749837,0.8127587800193931,0.7739667209559062,0.7937701701700658,0.8600163564530193,0.753089530226156
2020-10-03 00:00:00+00:00,ethereum,0.9550149654490222,1.0,0.7459829812927689,0.7426319759836215,0.5820702359227252,0.9178433505250447,0.8018658650833516,0.8542893266682533,0.9479540463766027,0.8359533005146408
2020-10-03 00:00:00+00:00,binancecoin,0.791037682217101,0.7459829812927689,1.0,0.37790747042883094,0.3193439501356466,0.6264962457496743,0.5350314198891862,0.5085527416521208,0.5664167106798306,0.5466319707761544
2020-10-03 00:00:00+00:00,solana,0.7216245388426685,0.7426319759836215,0.37790747042883094,1.0,0.6181235695320354,0.7176300285812404,0.7364274658803751,0.8147283378295226,0.6941199484763366,0.89625196986513
2020-10-03 00:00:00+00:00,cardano,0.4355010018749837,0.5820702359227252,0.3193439501356466,0.6181235695320354,1.0,0.8184575030200065,0.49468057558027323,0.7764279165526288,0.5786155120288001,0.6758670718372547
2020-10-03 00:00:00+00:00,xrp,0.8127587800193931,0.9178433505250447,0.6264962457496743,0.7176300285812404,0.8184575030200065,1.0,0.7689745856725504,0.9319163865861297,0.888228098312366,0.847868838200893
2020-10-03 00:00:00+00:00,polkadot,0.7739667209559062,0.8018658650833516,0.5350314198891862,0.7364274658803751,0.49468057558027323,0.7689745856725504,1.0,0.7309439659146083,0.6626990809962117,0.7040547475186759
2020-10-03 00:00:00+00:00,dogecoin,0.7937701701700658,0.8542893266682533,0.5085527416521208,0.8147283378295226,0.7764279165526288,0.9319163865861297,0.7309439659146083,1.0,0.8307874871271479,0.8777668753622566
2020-10-03 00:00:00+00:00,avalanche,0.8600163564530193,0.9479540463766027,0.5664167106798306,0.6941199484763366,0.5786155120288001,0.888228098312366,0.6626990809962117,0.8307874871271479,1.0,0.8235093183539066
2020-10-03 00:00:00+00:00,litecoin,0.753089530226156,0.8359533005146408,0.5466319707761544,0.89625196986513,0.6758670718372547,0.847868838200893,0.7040547475186759,0.8777668753622566,0.8235093183539066,1.0
2020-10-04 00:00:00+00:00,bitcoin,1.0,0.9538820555110397,0.7699953572504765,0.7215461709556755,0.4366748439745455,0.8134549663399616,0.774226402208528,0.7879059628335507,0.8474823206493907,0.7317568775420177
2020-10-04 00:00:00+00:00,ethereum,0.9538820555110397,1.0,0.7347541094971921,0.7367850255695407,0.5819521211449986,0.9159561059802148,0.7975923989493561,0.8524015000663655,0.9415657157838971,0.8228521447641807
2020-10-04 00:00:00+00:00,binancecoin,0.7699953572504765,0.7347541094971921,1.0,0.3472799685525726,0.3087056130656733,0.6046918965964065,0.5061297080398717,0.5101981482496076,0.5730347083366167,0.5587962508453965
2020-10-04 00:00:00+00:00,solana,0.7215461709556755,0.7367850255695407,0.3472799685525726,1.0,0.6171065837087821,0.7190212998226795,0.7403517380152308,0.7980030475212397,0.6689890843894768,0.8526622676572861
2020-10-04 00:00:00+00:00,cardano,0.4366748439745455,0.5819521211449986,0.3087056130656733,0.6171065837087821,1.0,0.8184630094263249,0.49547438917883735,0.772442169411675,0.5707717009438426,0.6595847680223286
2020-10-04 00:00:00+00:00,xrp,0.8134549663399616,0.9159561059802148,0.6046918965964065,0.7190212998226795,0.8184630094263249,1.0,0.77028188569721,0.9237396940061919,0.8728792022948555,0.8215664316014206
2020-10-04 00:00:00+00:00,polkadot,0.774226402208528,0.7975923989493561,0.5061297080398717,0.7403517380152308,0.49547438917883735,0.77028188569721,1.0,0.7185668299117025,0.6424187849264059,0.6707714923773567
2020-10-04 00:00:00+00:00,dogecoin,0.7879059628335507,0.8524015000663655,0.5101981482496076,0.7980030475212397,0.772442169411675,0.9237396940061919,0.7185668299117025,1.0,0.8307494530810161,0.8735668192066485
2020-10-04 00:00:00+00:00,avalanche,0.8474823206493907,0.9415657157838971,0.5730347083366167,0.6689890843894768,0.5707717009438426,0.8728792022948555,0.6424187849264059,0.8307494530810161,1.0,0.8251635106224628
2020-10-04 00:00:00+00:00,litecoin,0.7317568775420177,0.8228521447641807,0.5587962508453965,0.8526622676572861,0.6595847680223286,0.8215664316014206,0.6707714923773567,0.8735668192066485,0.8251635106224628,1.0
2020-10-05 00:00:00+00:00,bitcoin,1.0,0.9551018479639617,0.7685885345144944,0.7035655904437081,0.4529806300169416,0.7405780707934563,0.7840013312716878,0.7951315969166182,0.8297369196103471,0.743487268032158
2020-10-05 00:00:00+00:00,ethereum,0.9551018479639617,1.0,0.7355080770975664,0.7224531359229004,0.592669827166776,0.8056736251098563,0.8037568597363896,0.8512196338328999,0.9265830366029327,0.8254909109791372
2020-10-05 00:00:00+00:00,binancecoin,0.7685885345144944,0.7355080770975664,1.0,0.3443980570732508,0.31650178329745765,0.517651443883797,0.509166867941881,0.5086443177351553,0.5705154992873303,0.5568273006547795
2020-10-05 00:00:00+00:00,solana,0.7035655904437081,0.7224531359229004,0.3443980570732508,1.0,0.606716040282879,0.5428882275619067,0.71320372486544,0.7519643796297444,0.6689817008981924,0.810534157651874
2020-10-05 00:00:00+00:00,cardano,0.4529806300169416,0.592669827166776,0.31650178329745765,0.606716040282879,1.0,0.7218607316690379,0.5119749525704855,0.7728981060789756,0.5630052943753907,0.6680960877284098
2020-10-05 00:00:00+00:00,xrp,0.7405780707934563,0.8056736251098563,0.517651443883797,0.5428882275619067,0.7218607316690379,1.0,0.7314998883536659,0.8759883391879829,0.6701646519510284,0.7908981177499469
2020-10-05 00:00:00+00:00,polkadot,0.7840013312716878,0.8037568597363896,0.509166867941881,0.71320372486544,0.5119749525704855,0.7314998883536659,1.0,0.7379549354858667,0.621470195837744,0.693006496619358
2020-10-05 00:00:00+00:00,dogecoin,0.7951315969166182,0.8512196338328999,0.5086443177351553,0.7519643796297444,0.7728981060789756,0.8759883391879829,0.7379549354858667,1.0,0.7872592283450989,0.884635772642832
2020-10-05 00:00:00+00:00,avalanche,0.8297369196103471,0.9265830366029327,0.5705154992873303,0.6689817008981924,0.5630052943753907,0.6701646519510284,0.621470195837744,0.7872592283450989,1.0,0.7880855969066498
2020-10-05 00:00:00+00:00,litecoin,0.743487268032158,0.8254909109791372,0.5568273006547795,0.810534157651874,0.6680960877284098,0.7908981177499469,0.693006496619358,0.884635772642832,0.7880855969066498,1.0
2020-10-06 00:00:00+00:00,bitcoin,1.0,0.94370528050788,0.7061550686393898,0.7042854953624956,0.4359870420878302,0.7353761193689298,0.7661584026685271,0.7566468461212169,0.8244323419563313,0.6908668300576609
2020-10-06 00:00:00+00:00,ethereum,0.94370528050788,1.0,0.7168661280850621,0.6730817514159977,0.5910851201454986,0.8054843904442309,0.8027241431446898,0.8428853904028335,0.9261383279115443,0.8097460359454074
2020-10-06 00:00:00+00:00,binancecoin,0.7061550686393898,0.7168661280850621,1.0,0.23211664147844055,0.32226176603934037,0.49891829887277217,0.5061398632822786,0.5210007740975469,0.5485992278646118,0.5746170557100383
2020-10-06 00:00:00+00:00,solana,0.7042854953624956,0.6730817514159977,0.23211664147844055,1.0,0.5386027821421787,0.514745653311953,0.6455197900493976,0.6428848781844099,0.6346636735250768,0.6698673020781141
2020-10-06 00:00:00+00:00,cardano,0.4359870420878302,0.5910851201454986,0.32226176603934037,0.5386027821421787,1.0,0.7182177648326483,0.5132499440771796,0.7729822054706812,0.5590841826830444,0.6669095798151431
2020-10-06 00:00:00+00:00,xrp,0.7353761193689298,0.8054843904442309,0.49891829887277217,0.514745653311953,0.7182177648326483,1.0,0.7292165378291202,0.8639711610661652,0.6704943453800275,0.7710681086293241
2020-10-06 00:00:00+00:00,polkadot,0.7661584026685271,0.8027241431446898,0.5061398632822786,0.6455197900493976,0.5132499440771796,0.7292165378291202,1.0,0.736531125725798,0.6188155168125208,0.6882754018761077
2020-10-06 00:00:00+00:00,dogecoin,0.7566468461212169,0.8428853904028335,0.5210007740975469,0.6428848781844099,0.7729822054706812,0.8639711610661652,0.736531125725798,1.0,0.7747785949712054,0.8861684493816413
2020-10-06 00:00:00+00:00,avalanche,0.8244323419563313,0.9261383279115443,0.5485992278646118,0.6346636735250768,0.5590841826830444,0.6704943453800275,0.6188155168125208,0.7747785949712054,1.0,0.7665732609982159
2020-10-06 00:00:00+00:00,litecoin,0.6908668300576609,0.8097460359454074,0.5746170557100383,0.6698673020781141,0.6669095798151431,0.7710681086293241,0.6882754018761077,0.8861684493816413,0.7665732609982159,1.0
2020-10-07 00:00:00+00:00,bitcoin,1.0,0.9491660878596504,0.7371833863819517,0.6870151688697489,0.49119644059213047,0.7548226146381264,0.7569058844522676,0.7323113148542764,0.8346736767073696,0.7001057299459855
2020-10-07 00:00:00+00:00,ethereum,0.9491660878596504,1.0,0.7505739575180389,0.6939018091305664,0.6357255370002239,0.8174721153830529,0.8035464237603557,0.8018012305118021,0.9238891619282057,0.8053985789813999
2020-10-07 00:00:00+00:00,binancecoin,0.7371833863819517,0.7505739575180389,1.0,0.3909874131145989,0.39034960318252543,0.5388082072944534,0.5764454065440251,0.5083293822909203,0.5813465628469189,0.5914928457276477
2020-10-07 00:00:00+00:00,solana,0.6870151688697489,0.6939018091305664,0.3909874131145989,1.0,0.5715525799180488,0.5219636295251994,0.8142984094713512,0.4716609112434544,0.5912588262147093,0.5734298246275017
2020-10-07 00:00:00+00:00,cardano,0.49119644059213047,0.6357255370002239,0.39034960318252543,0.5715525799180488,1.0,0.7387482346450122,0.5687379458029795,0.7508866679815387,0.589632179177204,0.678421574528063
2020-10-07 00:00:00+00:00,xrp,0.7548226146381264,0.8174721153830529,0.5388082072944534,0.5219636295251994,0.7387482346450122,1.0,0.6962836364158839,0.848086924420918,0.6900932064437848,0.7786094893885454
2020-10-07 00:00:00+00:00,polkadot,0.7569058844522676,0.8035464237603557,0.5764454065440251,0.8142984094713512,0.5687379458029795,0.6962836364158839,1.0,0.5867831048184635,0.6082066766827469,0.6237962824738092
2020-10-07 00:00:00+00:00,dogecoin,0.7323113148542764,0.8018012305118021,0.5083293822909203,0.4716609112434544,0.7508866679815387,0.848086924420918,0.5867831048184635,1.0,0.7639405114599865,0.8805371669558519
2020-10-07 00:00:00+00:00,avalanche,0.8346736767073696,0.9238891619282057,0.5813465628469189,0.5912588262147093,0.589632179177204,0.6900932064437848,0.6082066766827469,0.7639405114599865,1.0,0.7745658369125153
2020-10-07 00:00:00+00:00,litecoin,0.7001057299459855,0.8053985789813999,0.5914928457276477,0.5734298246275017,0.678421574528063,0.7786094893885454,0.6237962824738092,0.8805371669558519,0.7745658369125153,1.0
2020-10-08 00:00:00+00:00,bitcoin,1.0,0.9476708132723499,0.7261207887601654,0.6798172912086382,0.4890042161688109,0.7563904533401363,0.7535248407532719,0.7129938321821647,0.8293500413234499,0.7028304370146882
2020-10-08 00:00:00+00:00,ethereum,0.9476708132723499,1.0,0.7462009704062824,0.6715399937108686,0.635354403405282,0.8169337786451585,0.7877753392700205,0.7916460408309043,0.9226362760862766,0.8024319271446441
2020-10-08 00:00:00+00:00,binancecoin,0.7261207887601654,0.7462009704062824,1.0,0.3514894534284153,0.38959232617873907,0.5302690379992409,0.5421407691433426,0.5121313954714941,0.5813063741278304,0.5764235105344676
2020-10-08 00:00:00+00:00,solana,0.6798172912086382,0.6715399937108686,0.3514894534284153,1.0,0.5453749707161999,0.519888583843113,0.8253587698989949,0.410866652099892,0.5585705476174266,0.5801860097889973
2020-10-08 00:00:00+00:00,cardano,0.4890042161688109,0.635354403405282,0.38959232617873907,0.5453749707161999,1.0,0.7363104787748677,0.5522168411660562,0.7454764552370584,0.5895648655930018,0.6727666675332975
2020-10-08 00:00:00+00:00,xrp,0.7563904533401363,0.8169337786451585,0.5302690379992409,0.519888583843113,0.7363104787748677,1.0,0.692890142514052,0.8294990199750994,0.6861947534535182,0.7798015559579844
2020-10-08 00:00:00+00:00,polkadot,0.7535248407532719,0.7877753392700205,0.5421407691433426,0.8253587698989949,0.5522168411660562,0.692890142514052,1.0,0.537111216704116,0.5860779439584752,0.6307091175568736
2020-10-08 00:00:00+00:00,dogecoin,0.7129938321821647,0.7916460408309043,0.5121313954714941,0.410866652099892,0.7454764552370584,0.8294990199750994,0.537111216704116,1.0,0.7605912489499337,0.8515672883343272
2020-10-08 00:00:00+00:00,avalanche,0.8293500413234499,0.9226362760862766,0.5813063741278304,0.5585705476174266,0.5895648655930018,0.6861947534535182,0.5860779439584752,0.7605912489499337,1.0,0.7656685460685592
2020-10-08 00:00:00+00:00,litecoin,0.7028304370146882,0.8024319271446441,0.5764235105344676,0.5801860097889973,0.6727666675332975,0.7798015559579844,0.6307091175568736,0.8515672883343272,0.7656685460685592,1.0
2020-10-09 00:00:00+00:00,bitcoin,1.0,0.9482021824345408,0.6653246452122495,0.6915089553455187,0.4941300477285423,0.7348200516667074,0.7827114811711428,0.6963753390291239,0.8484121705718044,0.6959159120038048
2020-10-09 00:00:00+00:00,ethereum,0.9482021824345408,1.0,0.7076150159099073,0.6847340864423948,0.6385513144116751,0.8065835398802809,0.7946210757250897,0.7838154534767927,0.922338726445044,0.8001677640596141
2020-10-09 00:00:00+00:00,binancecoin,0.6653246452122495,0.7076150159099073,1.0,0.3332229144213422,0.37994644499006325,0.5241275192400776,0.463732007065583,0.5051535752285692,0.5191768891479186,0.5651263424379307
2020-10-09 00:00:00+00:00,solana,0.6915089553455187,0.6847340864423948,0.3332229144213422,1.0,0.5523854552066132,0.5216006291712157,0.8128104059148927,0.4160473409862542,0.5781122807520929,0.586659817533269
2020-10-09 00:00:00+00:00,cardano,0.4941300477285423,0.6385513144116751,0.37994644499006325,0.5523854552066132,1.0,0.7373860125480807,0.5422172592819343,0.7469890915350484,0.5851484758839899,0.6764241538991502
2020-10-09 00:00:00+00:00,xrp,0.7348200516667074,0.8065835398802809,0.5241275192400776,0.5216006291712157,0.7373860125480807,1.0,0.653597264749201,0.8302323516244433,0.6621967271730936,0.7805138419925735
2020-10-09 00:00:00+00:00,polkadot,0.7827114811711428,0.7946210757250897,0.463732007065583,0.8128104059148927,0.5422172592819343,0.653597264749201,1.0,0.5161739821183645,0.6467880954608812,0.6137113415624571
2020-10-09 00:00:00+00:00,dogecoin,0.6963753390291239,0.7838154534767927,0.5051535752285692,0.4160473409862542,0.7469890915350484,0.8302323516244433,0.5161739821183645,1.0,0.7344163455370699,0.8521871622740006
2020-10-09 00:00:00+00:00,avalanche,0.8484121705718044,0.922338726445044,0.5191768891479186,0.5781122807520929,0.5851484758839899,0.6621967271730936,0.6467880954608812,0.7344163455370699,1.0,0.7493171426146865
2020-10-09 00:00:00+00:00,litecoin,0.6959159120038048,0.8001677640596141,0.5651263424379307,0.586659817533269,0.6764241538991502,0.7805138419925735,0.6137113415624571,0.8521871622740006,0.7493171426146865,1.0
2020-10-10 00:00:00+00:00,bitcoin,1.0,0.9402049040931558,0.6709896185448941,0.7092743917636146,0.5218017412561853,0.7241373478351892,0.7935499597983673,0.7093434756091243,0.8555047594377715,0.7030155526689277
2020-10-10 00:00:00+00:00,ethereum,0.9402049040931558,1.0,0.6970749904182605,0.723014835196969,0.6672467704799183,0.7609833922779352,0.8028571239521164,0.8164050949145935,0.9156999082487769,0.7873978695739695
2020-10-10 00:00:00+00:00,binancecoin,0.6709896185448941,0.6970749904182605,1.0,0.3523943837736234,0.3956149346251765,0.5241724352938394,0.47591064328367394,0.506829282166116,0.5294238571119301,0.572451160031214
2020-10-10 00:00:00+00:00,solana,0.7092743917636146,0.723014835196969,0.3523943837736234,1.0,0.5877726129356305,0.503435809787031,0.8222085335257696,0.4944611610015073,0.603637761221185,0.5945160710042492
2020-10-10 00:00:00+00:00,cardano,0.5218017412561853,0.6672467704799183,0.3956149346251765,0.5877726129356305,1.0,0.7220421448244569,0.5682848492892981,0.7622637080692709,0.6069920070075766,0.6834793188359928
2020-10-10 00:00:00+00:00,xrp,0.7241373478351892,0.7609833922779352,0.5241724352938394,0.503435809787031,0.7220421448244569,1.0,0.6440006020282656,0.7698498764598724,0.6539968819881834,0.777236816290604
2020-10-10 00:00:00+00:00,polkadot,0.7935499597983673,0.8028571239521164,0.47591064328367394,0.8222085335257696,0.5682848492892981,0.6440006020282656,1.0,0.5518090320963016,0.6639030126926596,0.6236157125952385
2020-10-10 00:00:00+00:00,dogecoin,0.7093434756091243,0.8164050949145935,0.506829282166116,0.4944611610015073,0.7622637080692709,0.7698498764598724,0.5518090320963016,1.0,0.7415455577363468,0.826173104125978
2020-10-10 00:00:00+00:00,avalanche,0.8555047594377715,0.9156999082487769,0.5294238571119301,0.603637761221185,0.6069920070075766,0.6539968819881834,0.6639030126926596,0.7415455577363468,1.0,0.7547443758135637
2020-10-10 00:00:00+00:00,litecoin,0.7030155526689277,0.7873978695739695,0.572451160031214,0.5945160710042492,0.6834793188359928,0.777236816290604,0.6236157125952385,0.826173104125978,0.7547443758135637,1.0
2020-10-11 00:00:00+00:00,bitcoin,1.0,0.9254043346594056,0.6140646122091742,0.6190879966571886,0.5240290380499948,0.6932073665758676,0.757493131999263,0.6686437267815747,0.78810409382155,0.7194257484177058
2020-10-11 00:00:00+00:00,ethereum,0.9254043346594056,1.0,0.6814115093147678,0.6905329642168868,0.6696668488308952,0.7567101229819712,0.7974943758867203,0.8079266730890367,0.8965527535991789,0.7840890029630125
2020-10-11 00:00:00+00:00,binancecoin,0.6140646122091742,0.6814115093147678,1.0,0.36461012303897616,0.38251364401915044,0.5228834273934694,0.47580823603887096,0.5088514830731349,0.5352893361134851,0.5318057874980003
2020-10-11 00:00:00+00:00,solana,0.6190879966571886,0.6905329642168868,0.36461012303897616,1.0,0.5578524695243815,0.4971844540195548,0.8115090231570933,0.49463638301576085,0.6106375966666181,0.5270421302447437
2020-10-11 00:00:00+00:00,cardano,0.5240290380499948,0.6696668488308952,0.38251364401915044,0.5578524695243815,1.0,0.7177626263266489,0.5636962079752369,0.7538281854606774,0.5906908883861582,0.6833442189238911
2020-10-11 00:00:00+00:00,xrp,0.6932073665758676,0.7567101229819712,0.5228834273934694,0.4971844540195548,0.7177626263266489,1.0,0.6441346584695589,0.7695733063351261,0.6514977667369604,0.7546418308668578
2020-10-11 00:00:00+00:00,polkadot,0.757493131999263,0.7974943758867203,0.47580823603887096,0.8115090231570933,0.5636962079752369,0.6441346584695589,1.0,0.5522399735749283,0.6622658713762664,0.6026210500613877
2020-10-11 00:00:00+00:00,dogecoin,0.6686437267815747,0.8079266730890367,0.5088514830731349,0.49463638301576085,0.7538281854606774,0.7695733063351261,0.5522399735749283,1.0,0.7416356693252105,0.7936531420840623
2020-10-11 00:00:00+00:00,avalanche,0.78810409382155,0.8965527535991789,0.5352893361134851,0.6106375966666181,0.5906908883861582,0.6514977667369604,0.6622658713762664,0.7416356693252105,1.0,0.7063627763074659
2020-10-11 00:00:00+00:00,litecoin,0.7194257484177058,0.7840890029630125,0.5318057874980003,0.5270421302447437,0.6833442189238911,0.7546418308668578,0.6026210500613877,0.7936531420840623,0.7063627763074659,1.0
2020-10-12 00:00:00+00:00,bitcoin,1.0,0.9256029696654345,0.6130621147190009,0.6200667540278714,0.5226805067633159,0.6911747336626067,0.754885842682395,0.6696815474401213,0.7887424496140744,0.6797973793025507
2020-10-12 00:00:00+00:00,ethereum,0.9256029696654345,1.0,0.6804311317585864,0.6912865873822109,0.6682438046785762,0.7547565605025092,0.7950264798064106,0.8084711133076472,0.8968332832001337,0.7378070999604687
2020-10-12 00:00:00+00:00,binancecoin,0.6130621147190009,0.6804311317585864,1.0,0.3640857173182836,0.38251358525238666,0.5228405055534951,0.4757197584516642,0.5078541206297776,0.5343273393405524,0.48645461660757383
2020-10-12 00:00:00+00:00,solana,0.6200667540278714,0.6912865873822109,0.3640857173182836,1.0,0.5566712086721022,0.495703638981431,0.8091747455688493,0.49603804865639833,0.6116726514600641,0.5016687711156863
2020-10-12 00:00:00+00:00,cardano,0.5226805067633159,0.6682438046785762,0.38251358525238666,0.5566712086721022,1.0,0.7177966749816466,0.56375325757745,0.7518801421130904,0.589141586224914,0.6219283845847903
2020-10-12 00:00:00+00:00,xrp,0.6911747336626067,0.7547565605025092,0.5228405055534951,0.495703638981431,0.7177966749816466,1.0,0.6442665991516474,0.7671279140051446,0.6494075082259105,0.6844729250608815
2020-10-12 00:00:00+00:00,polkadot,0.754885842682395,0.7950264798064106,0.4757197584516642,0.8091747455688493,0.56375325757745,0.6442665991516474,1.0,0.5497245524581418,0.659682455152146,0.5423987775602152
2020-10-12 00:00:00+00:00,dogecoin,0.6696815474401213,0.8084711133076472,0.5078541206297776,0.49603804865639833,0.7518801421130904,0.7671279140051446,0.5497245524581418,1.0,0.7424841132576879,0.7494394350308259
2020-10-12 00:00:00+00:00,avalanche,0.7887424496140744,0.8968332832001337,0.5343273393405524,0.6116726514600641,0.589141586224914,0.6494075082259105,0.659682455152146,0.7424841132576879,1.0,0.6686995972765507
2020-10-12 00:00:00+00:00,litecoin,0.6797973793025507,0.7378070999604687,0.48645461660757383,0.5016687711156863,0.6219283845847903,0.6844729250608815,0.5423987775602152,0.7494394350308259,0.6686995972765507,1.0
2020-10-13 00:00:00+00:00,bitcoin,1.0,0.9238727674142573,0.6094281588325324,0.6315708348051635,0.5291223648999612,0.6790352530539377,0.7558666726198013,0.6684342640371477,0.794550923431641,0.6477444255250011
2020-10-13 00:00:00+00:00,ethereum,0.9238727674142573,1.0,0.7014827869707932,0.7136963340544162,0.6680349800030911,0.7239408080632737,0.7869393910862867,0.7934698604555678,0.8993813331364933,0.677529370333281
